@MapData  80, 25, 64, 64, ../Image/ÉJÉâÅ[è∞2.png
@Back
-1, -1, -1, -1, -1, -1, -1, -1, -1, -1, -1, -1, -1, -1, -1, -1, -1, -1, -1, -1, -1, -1, -1, -1, -1, -1, -1, -1, -1, -1, -1, -1, -1, -1, -1, -1, -1, -1, -1, -1, -1, -1, -1, -1, -1, -1, -1, -1, -1, -1, -1, -1, -1, -1, -1, -1, -1, -1, -1, -1, -1, -1, -1, -1, -1, -1, -1, -1, -1, -1, -1, -1, -1, -1, -1, -1, -1, -1, -1, -1, 
-1, -1, -1, -1, -1, -1, -1, -1, -1, -1, -1, -1, -1, -1, -1, -1, -1, -1, -1, -1, -1, -1, -1, -1, -1, -1, -1, -1, -1, -1, -1, -1, -1, -1, -1, -1, -1, -1, -1, -1, -1, -1, -1, -1, -1, -1, -1, -1, -1, -1, -1, -1, -1, -1, -1, -1, -1, -1, -1, -1, -1, -1, -1, -1, -1, -1, -1, -1, -1, -1, -1, -1, -1, -1, -1, -1, -1, -1, -1, -1, 
-1, -1, -1, -1, -1, -1, -1, -1, -1, -1, -1, -1, -1, -1, -1, -1, -1, -1, -1, -1, -1, -1, -1, -1, -1, -1, -1, -1, -1, -1, -1, -1, -1, -1, -1, -1, -1, -1, -1, -1, -1, -1, -1, -1, -1, -1, -1, -1, -1, -1, -1, -1, -1, -1, -1, -1, -1, -1, -1, -1, -1, -1, -1, -1, -1, -1, -1, -1, -1, -1, -1, -1, -1, -1, -1, -1, -1, -1, -1, -1, 
-1, -1, -1, -1, -1, -1, -1, -1, -1, -1, -1, -1, -1, -1, -1, -1, -1, -1, -1, -1, -1, -1, -1, -1, -1, -1, -1, -1, -1, -1, -1, -1, -1, -1, -1, -1, -1, -1, -1, -1, -1, -1, -1, -1, -1, -1, -1, -1, -1, -1, -1, -1, -1, -1, -1, -1, -1, -1, -1, -1, -1, -1, -1, -1, -1, -1, -1, -1, -1, -1, -1, -1, -1, -1, -1, -1, -1, -1, -1, -1, 
-1, -1, -1, -1, -1, -1, -1, -1, -1, -1, -1, -1, -1, -1, -1, -1, -1, -1, -1, -1, -1, -1, -1, -1, -1, -1, -1, -1, -1, -1, -1, -1, -1, -1, -1, -1, -1, -1, -1, -1, -1, -1, -1, -1, -1, -1, -1, -1, -1, -1, -1, -1, -1, -1, -1, -1, -1, -1, -1, -1, -1, -1, -1, -1, -1, -1, -1, -1, -1, -1, -1, -1, -1, -1, -1, -1, -1, -1, -1, -1, 
-1, -1, -1, -1, -1, -1, -1, -1, -1, -1, -1, -1, -1, -1, -1, -1, -1, -1, -1, -1, -1, -1, -1, -1, -1, -1, -1, -1, -1, -1, -1, -1, -1, -1, -1, -1, -1, -1, -1, -1, -1, -1, -1, -1, -1, -1, -1, -1, -1, -1, -1, -1, -1, -1, -1, -1, -1, -1, -1, -1, -1, -1, -1, -1, -1, -1, -1, -1, -1, -1, -1, -1, -1, -1, -1, -1, -1, -1, -1, -1, 
-1, -1, -1, -1, -1, -1, -1, -1, -1, -1, -1, -1, -1, -1, -1, -1, -1, -1, -1, -1, -1, -1, -1, -1, -1, -1, -1, -1, -1, -1, -1, -1, -1, -1, -1, -1, -1, -1, -1, -1, -1, -1, -1, -1, -1, -1, -1, -1, -1, -1, -1, -1, -1, -1, -1, -1, -1, -1, -1, -1, -1, -1, -1, -1, -1, -1, -1, -1, -1, -1, -1, -1, -1, -1, -1, -1, -1, -1, -1, -1, 
-1, -1, -1, -1, -1, -1, -1, -1, -1, -1, -1, -1, -1, -1, -1, -1, -1, -1, -1, -1, -1, -1, -1, -1, -1, -1, -1, -1, -1, -1, -1, -1, -1, -1, -1, -1, -1, -1, -1, -1, -1, -1, -1, -1, -1, -1, -1, -1, -1, -1, -1, -1, -1, -1, -1, -1, -1, -1, -1, -1, -1, -1, -1, -1, -1, -1, -1, -1, -1, -1, -1, -1, -1, -1, -1, -1, -1, -1, -1, -1, 
-1, -1, -1, -1, -1, -1, -1, -1, -1, -1, -1, -1, -1, -1, -1, -1, -1, -1, -1, -1, -1, -1, -1, -1, -1, -1, -1, -1, -1, -1, -1, -1, -1, -1, -1, -1, -1, -1, -1, -1, -1, -1, -1, -1, -1, -1, -1, -1, -1, -1, -1, -1, -1, -1, -1, -1, -1, -1, -1, -1, -1, -1, -1, -1, -1, -1, -1, -1, -1, -1, -1, -1, -1, -1, -1, -1, -1, -1, -1, -1, 
-1, -1, -1, -1, -1, -1, -1, -1, -1, -1, -1, -1, -1, -1, -1, -1, -1, -1, -1, -1, -1, -1, -1, -1, -1, -1, -1, -1, -1, -1, -1, -1, -1, -1, -1, -1, -1, -1, -1, -1, -1, -1, -1, -1, -1, -1, -1, -1, -1, -1, -1, -1, -1, -1, -1, -1, -1, -1, -1, -1, -1, -1, -1, -1, -1, -1, -1, -1, -1, -1, -1, -1, -1, -1, -1, -1, -1, -1, -1, -1, 
-1, -1, -1, -1, -1, -1, -1, -1, -1, -1, -1, -1, -1, -1, -1, -1, -1, -1, -1, -1, -1, -1, -1, -1, -1, -1, -1, -1, -1, -1, -1, -1, -1, -1, -1, -1, -1, -1, -1, -1, -1, -1, -1, -1, -1, -1, -1, -1, -1, -1, -1, -1, -1, -1, -1, -1, -1, -1, -1, -1, -1, -1, -1, -1, -1, -1, -1, -1, -1, -1, -1, -1, -1, -1, -1, -1, -1, -1, -1, -1, 
-1, -1, -1, -1, -1, -1, -1, -1, -1, -1, -1, -1, -1, -1, -1, -1, -1, -1, -1, -1, -1, -1, -1, -1, -1, -1, -1, -1, -1, -1, -1, -1, -1, -1, -1, -1, -1, -1, -1, -1, -1, -1, -1, -1, -1, -1, -1, -1, -1, -1, -1, -1, -1, -1, -1, -1, -1, -1, -1, -1, -1, -1, -1, -1, -1, -1, -1, -1, -1, -1, -1, -1, -1, -1, -1, -1, -1, -1, -1, -1, 
-1, -1, -1, -1, -1, -1, -1, -1, -1, -1, -1, -1, -1, -1, -1, -1, -1, -1, -1, -1, -1, -1, -1, -1, -1, -1, -1, -1, -1, -1, -1, -1, -1, -1, -1, -1, -1, -1, -1, -1, -1, -1, -1, -1, -1, -1, -1, -1, -1, -1, -1, -1, -1, -1, -1, -1, -1, -1, -1, -1, -1, -1, -1, -1, -1, -1, -1, -1, -1, -1, -1, -1, -1, -1, -1, -1, -1, -1, -1, -1, 
-1, -1, -1, -1, -1, -1, -1, -1, -1, -1, -1, -1, -1, -1, -1, -1, -1, -1, -1, -1, -1, -1, -1, -1, -1, -1, -1, -1, -1, -1, -1, -1, -1, -1, -1, -1, -1, -1, -1, -1, -1, -1, -1, -1, -1, -1, -1, -1, -1, -1, -1, -1, -1, -1, -1, -1, -1, -1, -1, -1, -1, -1, -1, -1, -1, -1, -1, -1, -1, -1, -1, -1, -1, -1, -1, -1, -1, -1, -1, -1, 
-1, -1, -1, -1, -1, -1, -1, -1, -1, -1, -1, -1, -1, -1, -1, -1, -1, -1, -1, -1, -1, -1, -1, -1, -1, -1, -1, -1, -1, -1, -1, -1, -1, -1, -1, -1, -1, -1, -1, -1, -1, -1, -1, -1, -1, -1, -1, -1, -1, -1, -1, -1, -1, -1, -1, -1, -1, -1, -1, -1, -1, -1, -1, -1, -1, -1, -1, -1, -1, -1, -1, -1, -1, -1, -1, -1, -1, -1, -1, -1, 
-1, -1, -1, -1, -1, -1, -1, -1, -1, -1, -1, -1, -1, -1, -1, -1, -1, -1, -1, -1, -1, -1, -1, -1, -1, -1, -1, -1, -1, -1, -1, -1, -1, -1, -1, -1, -1, -1, -1, -1, -1, -1, -1, -1, -1, -1, -1, -1, -1, -1, -1, -1, -1, -1, -1, -1, -1, -1, -1, -1, -1, -1, -1, -1, -1, -1, -1, -1, -1, -1, -1, -1, -1, -1, -1, -1, -1, -1, -1, -1, 
-1, -1, -1, -1, -1, -1, -1, -1, -1, -1, -1, -1, -1, -1, -1, -1, -1, -1, -1, -1, -1, -1, -1, -1, -1, -1, -1, -1, -1, -1, -1, -1, -1, -1, -1, -1, -1, -1, -1, -1, -1, -1, -1, -1, -1, -1, -1, -1, -1, -1, -1, -1, -1, -1, -1, -1, -1, -1, -1, -1, -1, -1, -1, -1, -1, -1, -1, -1, -1, -1, -1, -1, -1, -1, -1, -1, -1, -1, -1, -1, 
-1, -1, -1, -1, -1, -1, -1, -1, -1, -1, -1, -1, -1, -1, -1, -1, -1, -1, -1, -1, -1, -1, -1, -1, -1, -1, -1, -1, -1, -1, -1, -1, -1, -1, -1, -1, -1, -1, -1, -1, -1, -1, -1, -1, -1, -1, -1, -1, -1, -1, -1, -1, -1, -1, -1, -1, -1, -1, -1, -1, -1, -1, -1, -1, -1, -1, -1, -1, -1, -1, -1, -1, -1, -1, -1, -1, -1, -1, -1, -1, 
-1, -1, -1, -1, -1, -1, -1, -1, -1, -1, -1, -1, -1, -1, -1, -1, -1, -1, -1, -1, -1, -1, -1, -1, -1, -1, -1, -1, -1, -1, -1, -1, -1, -1, -1, -1, -1, -1, -1, -1, -1, -1, -1, -1, -1, -1, -1, -1, -1, -1, -1, -1, -1, -1, -1, -1, -1, -1, -1, -1, -1, -1, -1, -1, -1, -1, -1, -1, -1, -1, -1, -1, -1, -1, -1, -1, -1, -1, -1, -1, 
-1, -1, -1, -1, -1, -1, -1, -1, -1, -1, -1, -1, -1, -1, -1, -1, -1, -1, -1, -1, -1, -1, -1, -1, -1, -1, -1, -1, -1, -1, -1, -1, -1, -1, -1, -1, -1, -1, -1, -1, -1, -1, -1, -1, -1, -1, -1, -1, -1, -1, -1, -1, -1, -1, -1, -1, -1, -1, -1, -1, -1, -1, -1, -1, -1, -1, -1, -1, -1, -1, -1, -1, -1, -1, -1, -1, -1, -1, -1, -1, 
-1, -1, -1, -1, -1, -1, -1, -1, -1, -1, -1, -1, -1, -1, -1, -1, -1, -1, -1, -1, -1, -1, -1, -1, -1, -1, -1, -1, -1, -1, -1, -1, -1, -1, -1, -1, -1, -1, -1, -1, -1, -1, -1, -1, -1, -1, -1, -1, -1, -1, -1, -1, -1, -1, -1, -1, -1, -1, -1, -1, -1, -1, -1, -1, -1, -1, -1, -1, -1, -1, -1, -1, -1, -1, -1, -1, -1, -1, -1, -1, 
-1, -1, -1, -1, -1, -1, -1, -1, -1, -1, -1, -1, -1, -1, -1, -1, -1, -1, -1, -1, -1, -1, -1, -1, -1, -1, -1, -1, -1, -1, -1, -1, -1, -1, -1, -1, -1, -1, -1, -1, -1, -1, -1, -1, -1, -1, -1, -1, -1, -1, -1, -1, -1, -1, -1, -1, -1, -1, -1, -1, -1, -1, -1, -1, -1, -1, -1, -1, -1, -1, -1, -1, -1, -1, -1, -1, -1, -1, -1, -1, 
-1, -1, -1, -1, -1, -1, -1, -1, -1, -1, -1, -1, -1, -1, -1, -1, -1, -1, -1, -1, -1, -1, -1, -1, -1, -1, -1, -1, -1, -1, -1, -1, -1, -1, -1, -1, -1, -1, -1, -1, -1, -1, -1, -1, -1, -1, -1, -1, -1, -1, -1, -1, -1, -1, -1, -1, -1, -1, -1, -1, -1, -1, -1, -1, -1, -1, -1, -1, -1, -1, -1, -1, -1, -1, -1, -1, -1, -1, -1, -1, 
-1, -1, -1, -1, -1, -1, -1, -1, -1, -1, -1, -1, -1, -1, -1, -1, -1, -1, -1, -1, -1, -1, -1, -1, -1, -1, -1, -1, -1, -1, -1, -1, -1, -1, -1, -1, -1, -1, -1, -1, -1, -1, -1, -1, -1, -1, -1, -1, -1, -1, -1, -1, -1, -1, -1, -1, -1, -1, -1, -1, -1, -1, -1, -1, -1, -1, -1, -1, -1, -1, -1, -1, -1, -1, -1, -1, -1, -1, -1, -1, 
-1, -1, -1, -1, -1, -1, -1, -1, -1, -1, -1, -1, -1, -1, -1, -1, -1, -1, -1, -1, -1, -1, -1, -1, -1, -1, -1, -1, -1, -1, -1, -1, -1, -1, -1, -1, -1, -1, -1, -1, -1, -1, -1, -1, -1, -1, -1, -1, -1, -1, -1, -1, -1, -1, -1, -1, -1, -1, -1, -1, -1, -1, -1, -1, -1, -1, -1, -1, -1, -1, -1, -1, -1, -1, -1, -1, -1, -1, -1, -1, 
@Fore
-1, -1, -1, -1, -1, -1, -1, -1, -1, -1, -1, -1, -1, -1, -1, -1, -1, -1, -1, -1, -1, -1, -1, -1, -1, -1, -1, -1, -1, -1, -1, -1, -1, -1, -1, -1, -1, -1, -1, -1, -1, -1, -1, -1, -1, -1, -1, -1, -1, -1, -1, -1, -1, -1, -1, -1, -1, -1, -1, -1, -1, -1, -1, -1, -1, -1, -1, -1, -1, -1, -1, -1, -1, -1, -1, -1, -1, -1, -1, -1, 
-1, -1, -1, -1, -1, -1, -1, -1, -1, -1, -1, -1, -1, -1, -1, -1, -1, -1, -1, -1, -1, -1, -1, -1, -1, -1, -1, -1, -1, -1, -1, -1, -1, -1, -1, -1, -1, -1, -1, -1, -1, -1, -1, -1, -1, -1, -1, -1, -1, -1, -1, -1, -1, -1, -1, -1, -1, -1, -1, -1, -1, -1, -1, -1, -1, -1, -1, -1, -1, -1, -1, -1, -1, -1, -1, -1, -1, -1, -1, -1, 
-1, -1, -1, -1, -1, -1, -1, -1, -1, -1, -1, -1, -1, -1, -1, -1, -1, -1, -1, -1, -1, -1, -1, -1, -1, -1, -1, -1, -1, -1, -1, -1, -1, -1, -1, -1, -1, -1, -1, -1, -1, -1, -1, -1, -1, -1, -1, -1, -1, -1, -1, -1, -1, -1, -1, -1, -1, -1, -1, -1, -1, -1, -1, -1, -1, -1, -1, -1, -1, -1, -1, -1, -1, -1, -1, -1, -1, -1, -1, -1, 
-1, -1, -1, -1, -1, -1, -1, -1, -1, -1, -1, -1, -1, -1, -1, -1, -1, -1, -1, -1, -1, -1, -1, -1, -1, -1, -1, -1, -1, -1, -1, -1, -1, -1, -1, -1, -1, -1, -1, -1, -1, -1, -1, -1, -1, -1, -1, -1, -1, -1, -1, -1, -1, -1, -1, -1, -1, -1, -1, -1, -1, -1, -1, -1, -1, -1, -1, -1, -1, -1, -1, -1, -1, -1, -1, -1, -1, -1, -1, -1, 
-1, -1, -1, -1, -1, -1, -1, -1, -1, -1, -1, -1, -1, -1, -1, -1, -1, -1, -1, -1, -1, -1, -1, -1, -1, -1, -1, -1, -1, -1, -1, -1, -1, -1, -1, -1, -1, -1, -1, -1, -1, -1, -1, -1, -1, -1, -1, -1, -1, -1, -1, -1, -1, -1, -1, -1, -1, -1, -1, -1, -1, -1, -1, -1, -1, -1, -1, -1, -1, -1, -1, -1, -1, -1, -1, -1, -1, -1, -1, -1, 
-1, -1, -1, -1, -1, -1, -1, -1, -1, -1, -1, -1, -1, -1, -1, -1, -1, -1, -1, -1, -1, -1, -1, -1, -1, -1, -1, -1, -1, -1, -1, -1, -1, -1, -1, -1, -1, -1, -1, -1, -1, -1, -1, -1, -1, -1, -1, -1, -1, -1, -1, -1, -1, -1, -1, -1, -1, -1, -1, -1, -1, -1, -1, -1, -1, -1, -1, -1, -1, -1, -1, -1, -1, -1, -1, -1, -1, -1, -1, -1, 
-1, -1, -1, -1, -1, -1, -1, -1, -1, -1, -1, -1, -1, -1, -1, -1, -1, -1, -1, -1, -1, -1, -1, -1, -1, -1, -1, -1, -1, -1, -1, -1, -1, -1, -1, -1, -1, -1, -1, -1, -1, -1, -1, -1, -1, -1, -1, -1, -1, -1, -1, -1, -1, -1, -1, -1, -1, -1, -1, -1, -1, -1, -1, -1, -1, -1, -1, -1, -1, -1, -1, -1, -1, -1, -1, -1, -1, -1, -1, -1, 
-1, -1, -1, -1, -1, -1, -1, -1, -1, -1, -1, -1, -1, -1, -1, -1, -1, -1, -1, -1, -1, -1, -1, -1, -1, -1, -1, -1, -1, -1, -1, -1, -1, -1, -1, -1, -1, -1, -1, -1, -1, -1, -1, -1, -1, -1, -1, -1, -1, -1, -1, -1, -1, -1, -1, -1, 3002, -1, -1, -1, -1, -1, -1, -1, -1, -1, -1, -1, -1, -1, -1, -1, -1, -1, -1, -1, -1, -1, -1, -1, 
-1, -1, -1, -1, -1, -1, -1, -1, -1, -1, -1, -1, -1, -1, -1, -1, -1, -1, -1, -1, -1, -1, -1, -1, -1, -1, -1, -1, -1, -1, -1, -1, -1, -1, -1, -1, -1, -1, -1, -1, -1, -1, -1, -1, -1, -1, -1, -1, -1, -1, -1, -1, -1, -1, -1, -1, -1, 3002, -1, -1, -1, -1, -1, -1, -1, -1, -1, -1, -1, -1, -1, -1, -1, -1, -1, -1, -1, -1, -1, -1, 
-1, -1, -1, -1, -1, -1, -1, -1, -1, -1, -1, -1, -1, -1, -1, -1, -1, -1, -1, -1, -1, -1, -1, -1, -1, -1, -1, -1, -1, -1, -1, -1, -1, -1, -1, -1, -1, -1, -1, -1, -1, -1, -1, -1, -1, -1, -1, -1, -1, -1, -1, -1, -1, -1, -1, -1, -1, -1, 3002, -1, -1, -1, -1, -1, -1, -1, -1, -1, -1, -1, -1, -1, -1, -1, -1, -1, -1, -1, -1, -1, 
-1, -1, -1, -1, -1, -1, -1, -1, -1, -1, -1, -1, -1, -1, -1, -1, -1, -1, -1, -1, -1, -1, -1, -1, -1, -1, -1, -1, -1, -1, -1, -1, -1, -1, -1, -1, -1, -1, -1, -1, -1, -1, -1, -1, -1, -1, -1, -1, -1, -1, -1, -1, -1, -1, -1, -1, -1, -1, -1, 3002, -1, -1, -1, -1, -1, -1, -1, -1, -1, -1, -1, -1, -1, -1, -1, -1, -1, -1, -1, -1, 
-1, -1, -1, -1, -1, -1, -1, -1, -1, -1, -1, -1, -1, -1, -1, -1, -1, -1, -1, -1, -1, -1, -1, -1, -1, -1, -1, -1, -1, -1, -1, -1, -1, -1, -1, -1, -1, -1, -1, -1, -1, -1, -1, -1, -1, -1, -1, -1, -1, -1, -1, -1, -1, -1, -1, -1, -1, -1, -1, -1, 3002, -1, -1, -1, -1, -1, -1, -1, -1, -1, -1, -1, -1, -1, -1, -1, -1, -1, -1, -1, 
-1, -1, -1, -1, -1, -1, -1, -1, -1, -1, -1, -1, -1, -1, -1, -1, -1, -1, -1, -1, -1, -1, -1, -1, -1, -1, -1, -1, -1, -1, -1, -1, -1, -1, -1, -1, -1, -1, -1, -1, -1, -1, -1, -1, -1, -1, -1, -1, -1, -1, -1, -1, -1, -1, -1, -1, -1, -1, -1, -1, -1, 3002, -1, -1, -1, -1, -1, -1, -1, -1, -1, -1, -1, -1, -1, -1, -1, -1, -1, -1, 
-1, -1, -1, -1, -1, -1, -1, -1, -1, -1, -1, -1, -1, -1, -1, -1, -1, -1, -1, -1, -1, -1, -1, -1, -1, -1, -1, -1, -1, -1, -1, -1, -1, -1, -1, -1, -1, -1, -1, -1, -1, -1, -1, -1, -1, -1, -1, -1, -1, -1, -1, -1, -1, -1, -1, -1, -1, -1, -1, -1, -1, 3002, 3002, -1, -1, -1, -1, -1, -1, -1, -1, -1, -1, -1, -1, -1, -1, -1, -1, -1, 
-1, -1, -1, -1, -1, -1, -1, -1, -1, -1, -1, -1, -1, -1, -1, -1, -1, -1, -1, -1, -1, -1, -1, -1, -1, -1, -1, -1, -1, -1, -1, -1, -1, -1, -1, -1, -1, -1, -1, -1, -1, -1, -1, -1, -1, -1, -1, -1, -1, -1, -1, -1, -1, -1, -1, -1, -1, -1, -1, -1, -1, -1, -1, 3002, -1, -1, -1, -1, -1, -1, -1, -1, -1, -1, -1, -1, -1, -1, -1, -1, 
-1, -1, -1, -1, -1, -1, -1, -1, -1, -1, -1, -1, -1, -1, -1, -1, -1, -1, -1, -1, -1, -1, -1, -1, -1, -1, -1, -1, -1, -1, -1, -1, -1, -1, -1, -1, -1, -1, -1, -1, -1, -1, -1, -1, -1, -1, -1, -1, -1, -1, -1, -1, -1, -1, -1, -1, -1, -1, -1, -1, -1, -1, -1, -1, 3002, -1, -1, -1, -1, -1, -1, -1, -1, -1, -1, -1, -1, -1, -1, -1, 
-1, -1, -1, -1, -1, -1, -1, -1, -1, -1, -1, -1, -1, -1, -1, -1, -1, -1, -1, -1, -1, -1, -1, -1, -1, -1, -1, -1, -1, -1, -1, -1, -1, -1, -1, -1, -1, -1, -1, -1, -1, -1, -1, -1, -1, -1, -1, -1, -1, -1, -1, -1, -1, -1, -1, -1, -1, -1, -1, -1, -1, -1, -1, -1, -1, 3002, 3002, -1, -1, -1, -1, -1, -1, -1, -1, -1, -1, -1, -1, -1, 
-1, -1, -1, -1, -1, -1, -1, -1, -1, -1, -1, -1, -1, -1, -1, -1, -1, -1, -1, -1, -1, -1, -1, -1, -1, -1, -1, -1, -1, -1, -1, -1, -1, -1, -1, -1, -1, -1, -1, -1, -1, -1, -1, -1, -1, -1, -1, -1, -1, -1, -1, -1, -1, -1, -1, -1, -1, -1, -1, -1, -1, -1, -1, -1, -1, -1, -1, 3002, 3002, -1, -1, -1, -1, -1, -1, -1, -1, -1, -1, -1, 
-1, -1, -1, -1, -1, -1, -1, -1, -1, -1, -1, -1, -1, -1, -1, -1, -1, -1, -1, -1, -1, -1, -1, -1, -1, -1, -1, -1, -1, -1, -1, -1, -1, -1, -1, -1, -1, -1, -1, -1, -1, -1, -1, -1, -1, -1, -1, -1, -1, -1, -1, -1, -1, -1, -1, -1, -1, -1, -1, -1, -1, -1, -1, -1, -1, -1, -1, -1, -1, -1, -1, -1, -1, 3002, 3002, -1, -1, -1, -1, -1, 
-1, -1, -1, -1, -1, -1, -1, -1, -1, -1, -1, -1, -1, -1, -1, -1, -1, -1, -1, -1, -1, -1, -1, -1, -1, -1, -1, -1, -1, -1, -1, -1, -1, -1, -1, -1, -1, -1, -1, -1, -1, 4002, -1, -1, -1, -1, 4002, -1, -1, -1, -1, -1, -1, -1, -1, -1, -1, -1, -1, -1, -1, 4002, 4002, 4002, 4002, 4002, -1, -1, -1, 3002, 3002, 3002, 3002, -1, -1, -1, -1, -1, -1, 4002, 
-1, -1, -1, -1, -1, -1, -1, -1, -1, 5003, -1, -1, -1, -1, -1, -1, -1, -1, -1, -1, -1, -1, -1, -1, -1, -1, -1, -1, -1, -1, -1, -1, -1, -1, -1, -1, -1, -1, -1, -1, 4002, 4002, -1, -1, 4002, 4002, 4002, 4002, -1, -1, -1, -1, -1, -1, -1, -1, -1, -1, -1, -1, 4002, 4002, 4002, 4002, 4002, 4002, 4002, 4002, -1, -1, -1, -1, -1, -1, -1, -1, -1, -1, 4002, 4002, 
-1, -1, -1, -1, -1, 5003, -1, -1, 5003, 5003, 5003, -1, -1, 5003, -1, -1, -1, -1, -1, -1, -1, -1, -1, -1, -1, 5003, -1, 5003, -1, -1, -1, -1, -1, -1, -1, -1, -1, -1, -1, 4002, 4002, -1, -1, 4002, 4002, 4002, 4002, 4002, 4002, -1, -1, -1, -1, -1, -1, -1, -1, -1, -1, 4002, 4002, 4002, 4002, 4002, 4002, 4002, 4002, -1, -1, -1, -1, -1, -1, -1, -1, 4002, 4002, 4002, 4002, 4002, 
-1, -1, 4002, 4002, 5003, 5003, 5003, 5003, 5003, 5003, 5003, 5003, 5003, 5003, 5003, -1, -1, -1, -1, -1, -1, -1, -1, -1, 5003, 5003, 5003, 5003, 5003, -1, -1, -1, -1, -1, -1, -1, -1, 4002, 4002, 4002, 4002, 4002, 4002, 4002, 4002, 4002, 4002, 4002, 4002, 4002, 4002, 4002, 4002, 4002, 4002, 4002, 4002, 4002, 4002, 4002, 4002, 4002, 4002, 4002, 4002, 4002, 4002, 4002, 4002, 4002, 4002, 4002, 4002, 4002, 4002, 4002, 4002, 4002, 4002, 4002, 
5003, 5003, 5003, 5003, 5003, 5003, 5003, 5003, 5003, 5003, 5003, 5003, 5003, 5003, 5003, 5003, 5003, 5003, 5003, 5003, 5003, 5003, 5003, 5003, 5003, 5003, 5003, 5003, 5003, 5003, 5003, 5003, 5003, 5003, 5003, 5003, 5003, 5003, 5003, 5003, 5003, 5003, 5003, 5003, 5003, 5003, 5003, 5003, 5003, 5003, 5003, 5003, 5003, 5003, 5003, 5003, 5003, 5003, 5003, 5003, 5003, 5003, 5003, 5003, 5003, 5003, 5003, 5003, 5003, 5003, 5003, 5003, 5003, 5003, 5003, 5003, 5003, 5003, 5003, 5003, 
5003, 5003, 5003, 5003, 5003, 5003, 5003, 5003, 5003, 5003, 5003, 5003, 5003, 5003, 5003, 5003, 5003, 5003, 5003, 5003, 5003, 5003, 5003, 5003, 5003, 5003, 5003, 5003, 5003, 5003, 5003, 5003, 5003, 5003, 5003, 5003, 5003, 5003, 5003, 5003, 5003, 5003, 5003, 5003, 5003, 5003, 5003, 5003, 5003, 5003, 5003, 5003, 5003, 5003, 5003, 5003, 5003, 5003, 5003, 5003, 5003, 5003, 5003, 5003, 5003, 5003, 5003, 5003, 5003, 5003, 5003, 5003, 5003, 5003, 5003, 5003, 5003, 5003, 5003, 5003, 
@MapLine  129
    4,  760,        4, 1472,    1.00000,-0.00000
  320, 1412,      320, 1342,    -1.00000,-0.00000
  320, 1344,      384, 1344,    0.00000,-1.00000
  384, 1340,      384, 1408,    1.00000,-0.00000
  384, 1408,      512, 1408,    0.00000,-1.00000
  510, 1408,      510, 1348,    -1.00000,-0.00000
  508, 1344,      576, 1344,    0.00000,-1.00000
  576, 1348,      576, 1280,    -1.00000,-0.00000
  576, 1280,      640, 1280,    0.00000,-1.00000
  642, 1281,      640, 1344,    0.99950,0.03173
  640, 1344,      704, 1344,    0.00000,-1.00000
  704, 1344,      704, 1408,    1.00000,-0.00000
  708, 1408,      832, 1408,    0.00000,-1.00000
  832, 1409,      832, 1345,    -1.00000,-0.00000
  832, 1344,      896, 1344,    0.00000,-1.00000
  896, 1344,      896, 1415,    1.00000,-0.00000
  896, 1408,      961, 1409,    0.01538,-0.99988
  960, 1410,      960, 1474,    1.00000,-0.00000
 1536, 1478,     1536, 1410,    -1.00000,-0.00000
 1536, 1408,     1604, 1408,    0.00000,-1.00000
 1600, 1404,     1600, 1344,    -1.00000,-0.00000
 1600, 1344,     1664, 1344,    0.00000,-1.00000
 1664, 1344,     1664, 1416,    1.00000,-0.00000
 1661, 1409,     1729, 1409,    0.00000,-1.00000
 1729, 1412,     1728, 1344,    -0.99989,0.01470
 1788, 1408,     1860, 1408,    0.00000,-1.00000
 1856, 1408,     1856, 1468,    1.00000,-0.00000
 1854, 1473,     2366, 1473,    0.00000,-1.00000
 2368, 1472,     2368, 1408,    -1.00000,-0.00000
 2368, 1408,     2496, 1408,    0.00000,-1.00000
 2496, 1344,     2564, 1344,    0.00000,-1.00000
 2498, 1407,     2498, 1343,    -1.00000,-0.00000
 2560, 1344,     2560, 1280,    -1.00000,-0.00000
 2556, 1280,     2624, 1280,    0.00000,-1.00000
 2624, 1284,     2624, 1216,    -1.00000,-0.00000
 2624, 1216,     2688, 1216,    0.00000,-1.00000
 2688, 1216,     2688, 1348,    1.00000,-0.00000
 2624, 1345,     2624, 1409,    1.00000,-0.00000
 2628, 1408,     2752, 1408,    0.00000,-1.00000
 2752, 1404,     2752, 1344,    -1.00000,-0.00000
 2751, 1346,     2811, 1346,    0.00000,-1.00000
 2816, 1344,     2816, 1284,    -1.00000,-0.00000
 2820, 1279,     2944, 1280,    0.00806,-0.99997
 2945, 1281,     2945, 1217,    -1.00000,-0.00000
 2944, 1216,     3008, 1216,    0.00000,-1.00000
 3008, 1216,     3008, 1284,    1.00000,-0.00000
 3073, 1278,     3073, 1346,    1.00000,-0.00000
 3136, 1344,     3136, 1408,    1.00000,-0.00000
 3136, 1408,     3776, 1408,    0.00000,-1.00000
 3772, 1344,     3845, 1343,    -0.01370,-0.99991
 3842, 1346,     3842, 1282,    -1.00000,-0.00000
 3844, 1280,     3904, 1280,    0.00000,-1.00000
 3904, 1284,     3904, 1216,    -1.00000,-0.00000
 3902, 1216,     4224, 1216,    0.00000,-1.00000
 4288, 1408,     4800, 1408,    0.00000,-1.00000
 4996, 1280,     5056, 1280,    0.00000,-1.00000
 5056, 1284,     5056, 1216,    -1.00000,-0.00000
 5053, 1218,     5125, 1218,    0.00000,-1.00000
 4672, 1184,     4672, 1148,    -1.00000,-0.00000
 4670, 1151,     4800, 1152,    0.00769,-0.99997
 4800, 1152,     4800, 1184,    1.00000,-0.00000
 4800, 1184,     4676, 1184,    0.00000,1.00000
 4416, 1248,     4416, 1216,    -1.00000,-0.00000
 4416, 1216,     4672, 1216,    0.00000,-1.00000
 4672, 1216,     4672, 1252,    1.00000,-0.00000
 4672, 1248,     4416, 1248,    0.00000,1.00000
 4288, 1120,     4288, 1088,    -1.00000,-0.00000
 4288, 1088,     4416, 1088,    0.00000,-1.00000
 4416, 1088,     4416, 1122,    1.00000,-0.00000
 4416, 1120,     4288, 1120,    0.00000,1.00000
 4160, 1056,     4160, 1024,    -1.00000,-0.00000
 4288, 1024,     4288, 1060,    1.00000,-0.00000
 4288, 1056,     4160, 1056,    0.00000,1.00000
 4096,  992,     4096,  960,    -1.00000,-0.00000
 4096,  960,     4160,  960,    0.00000,-1.00000
 4160,  960,     4160,  992,    1.00000,-0.00000
 4161,  993,     4097,  993,    0.00000,1.00000
 4034,  927,     4034,  895,    -1.00000,-0.00000
 4096,  928,     4032,  928,    0.00000,1.00000
 4038,  863,     3906,  863,    0.00000,1.00000
 3904,  800,     3904,  768,    -1.00000,-0.00000
 3968,  764,     3968,  804,    1.00000,-0.00000
 3972,  800,     3901,  801,    0.01408,0.99990
 3840,  704,     3904,  704,    0.00000,-1.00000
 3904,  704,     3904,  740,    1.00000,-0.00000
 3903,  738,     3834,  738,    0.00000,1.00000
 3777,  672,     3777,  640,    -1.00000,-0.00000
 3776,  640,     3840,  640,    0.00000,-1.00000
 3840,  640,     3840,  672,    1.00000,-0.00000
 3840,  672,     3776,  672,    0.00000,1.00000
 3712,  608,     3712,  576,    -1.00000,-0.00000
 3712,  576,     3776,  576,    0.00000,-1.00000
 3776,  576,     3776,  612,    1.00000,-0.00000
 3649,  544,     3649,  508,    -1.00000,-0.00000
 3650,  512,     3710,  512,    0.00000,-1.00000
 3710,  512,     3712,  544,    0.99805,-0.06238
 3712,  544,     3648,  544,    0.00000,1.00000
 3584,  480,     3584,  448,    -1.00000,-0.00000
 3584,  448,     3648,  448,    0.00000,-1.00000
 3648,  447,     3648,  480,    1.00000,-0.00000
 3651,  481,     3583,  481,    0.00000,1.00000
 4352, 1280,     4352, 1344,    1.00000,-0.00000
 4288, 1344,     4287, 1415,    0.99990,0.01408
 5116, 1216,     5116,  512,    -1.00000,-0.00000
    4, 1472,      132, 1472,    0.00000,-1.00000
  128, 1472,      128, 1408,    -1.00000,-0.00000
 4992, 1348,     4992, 1280,    -1.00000,-0.00000
 4800, 1344,     4992, 1344,    0.00000,-1.00000
 4801, 1407,     4801, 1343,    -1.00000,-0.00000
  128, 1408,      324, 1408,    0.00000,-1.00000
  956, 1472,     1544, 1472,    0.00000,-1.00000
 1728, 1344,     1792, 1344,    0.00000,-1.00000
 1792, 1344,     1792, 1408,    1.00000,-0.00000
 2692, 1344,     2620, 1344,    0.00000,1.00000
 3004, 1280,     3076, 1280,    0.00000,-1.00000
 3072, 1344,     3136, 1344,    0.00000,-1.00000
 3776, 1412,     3776, 1340,    -1.00000,-0.00000
 4223, 1215,     4224, 1280,    0.99988,-0.01538
 4224, 1280,     4352, 1280,    0.00000,-1.00000
 4352, 1344,     4288, 1344,    0.00000,1.00000
 3904,  768,     3972,  768,    0.00000,-1.00000
 3780,  608,     3712,  608,    0.00000,1.00000
 3840,  740,     3840,  704,    -1.00000,-0.00000
 4032,  831,     4032,  869,    1.00000,-0.00000
 3900,  832,     4036,  832,    0.00000,-1.00000
 3904,  868,     3904,  828,    -1.00000,-0.00000
 4028,  897,     4100,  897,    0.00000,-1.00000
 4096,  892,     4096,  932,    1.00000,-0.00000
 4156, 1024,     4288, 1024,    0.00000,-1.00000
@EvtMap  22
 3585,  400,     2,400,  0
   27, 1423,     1,  0,  0
 4287, 1360,     3,  1,  0
 4352, 1360,     3,  1,  0
 4415, 1361,     3,  1,  0
 4481, 1360,     3,  1,  0
 4542, 1360,     3,  1,  0
 4606, 1360,     3,  1,  0
 4669, 1360,     3,  1,  0
 4734, 1360,     3,  1,  0
 4940, 1295,     3,  8,  0
 5061, 1167,     2, 20,  0
 4228, 1232,     2,100,  0
 4069, 1169,     3,  4,  0
 3137, 1359,     3, 40, 0
 3790, 1298,     2, 10,  0
 2627, 1357,     2,100,  0
  436, 1359,     3,  2,  0
 1367, 1423,     3,  4,  0
 1673, 1361,     2,200,  0
 2229, 1422,     3,  4,  0
  205, 1345,     3, 80,  0
